#ifndef CITIES_H
#define CITIES_H

using namespace std;
#include <string>
#include <fstream>
#include <iostream>

#define CITIES_SIZE_15
/* City parameters to set up:
 * can do this automatically using Python script
 * 
 * num_cities = number of cities
 * city_names = names of all cities; the first name should be the "hometown"
 *     where tours start and end
 * mileage_table: each row should contain the mileages FROM that city
 *     TO the cities in each column. The distances from A to B and B to A
 *     do not have to be equal (see Python script).
 *  */

#ifdef CITIES_FROM_FILE
	unsigned int num_cities;
	string nazwa_pliku;

	cin >> nazwa_pliku;

	ifstream plik;
	
	plik.open(nazwa_pliku.c_str());
	if (!plik.good())
		return false;

	plik >> num_cities;

	unsigned int **mileage_table;

	mileage_table = new int *[num_cities];
	for (int i = 0; i < num_cities; i++)
	{
		mileage_table[i] = new int[num_cities];
	}


	int i = 0, j = 0;
	while (true)
	{
		int koszt;
		if (plik.good())
		{
			if (j == num_cities)
			{
				j = 0;
				i++;
			}
			if (i == num_cities)
				break;
			plik >> koszt;
			mileage_table[i][j] = koszt;
			j++;
		}
		else
			break; //zakoncz wczytywanie danych - wystapil jakis blad (np. nie ma wiecej danych w pliku)

	}
	plik.close();

#endif //CITIES_FROM_FILE

#ifdef CITIES_SIZE_5
const unsigned int num_cities = 5;

const unsigned int mileage_table[][num_cities] = {
	{0, 48, 11, 52, 10},
	{48, 0, 39, 12, 55},
	{11, 39, 0, 42, 18},
	{52, 12, 42, 0, 58},
	{10, 55, 18, 58, 0}
};
#endif // CITIES_SIZE_5

#ifdef CITIES_SIZE_10
const unsigned int num_cities = 10;

const string city_names[num_cities] = {
    "1",
    "2",
    "3",
    "4",
    "5",
    "6",
    "7",
    "8",
    "9",
    "10"
};

const unsigned int mileage_table[][num_cities] = {
    {0, 185, 384, 935, 618, 516, 970, 234, 267, 809},
    {185, 0, 517, 69, 736, 794, 424, 457, 342, 963},
    {384, 517, 0, 632, 71, 546, 344, 80, 809, 615},
    {935, 69, 632, 0, 726, 295, 682, 569, 825, 808},
    {618, 736, 71, 726, 0, 707, 887, 392, 776, 815},
    {516, 794, 546, 295, 707, 0, 963, 168, 205, 697},
    {970, 424, 344, 682, 887, 963, 0, 930, 217, 70},
    {234, 457, 80, 569, 392, 168, 930, 0, 650, 367},
    {267, 342, 809, 825, 776, 205, 217, 650, 0, 288},
    {809, 963, 615, 808, 815, 697, 70, 367, 288, 0}
};
#endif // CITIES_SIZE_10

#ifdef CITIES_SIZE_11
const unsigned int num_cities = 11;

const string city_names[num_cities] = {
    "Big Bear Lake",
    "Los Gatos       ",
    "Rolling Hills",
    "Santa Cruz",
    "Ukiah",
    "Yreka",
    "San Mateo",
    "Redding",
    "Montague",
    "La Mesa",
    "Guadalupe"
};

const unsigned int mileage_table[][num_cities] = {
    {0, 738, 689, 951, 645, 363, 131, 415, 562, 350, 713},
    {738, 0, 666, 684, 726, 31, 314, 720, 446, 530, 19},
    {689, 666, 0, 570, 549, 830, 659, 107, 114, 839, 138},
    {951, 684, 570, 0, 268, 726, 872, 174, 162, 973, 83},
    {645, 726, 549, 268, 0, 81, 765, 822, 141, 602, 419},
    {363, 31, 830, 726, 81, 0, 324, 965, 534, 566, 175},
    {131, 314, 659, 872, 765, 324, 0, 972, 952, 599, 722},
    {415, 720, 107, 174, 822, 965, 972, 0, 470, 128, 369},
    {562, 446, 114, 162, 141, 534, 952, 470, 0, 626, 260},
    {350, 530, 839, 973, 602, 566, 599, 128, 626, 0, 590},
    {713, 19, 138, 83, 419, 175, 722, 369, 260, 590, 0}
};
#endif // CITIES_SIZE_11

#ifdef CITIES_SIZE_12
const unsigned int num_cities = 12;

const string city_names[num_cities] = {
    "Stroiteley",
    "Nouakchott",
    "Puhja",
    "Sakiai",
    "Mbabane",
    "Chittagong",
    "Petit Cayenne",
    "Saint Helier",
    "Khulays",
    "Qasigiannguit",
    "Al Shamiya",
    "Pago Pago"
};

const unsigned int mileage_table[][num_cities] = {
    {0, 1137, 924, 1804, 3122, 2171, 2668, 629, 1306, 2229, 2722, 1269},
    {1137, 0, 2665, 3969, 1500, 3376, 3475, 1017, 3203, 1660, 2727, 2419},
    {924, 2665, 0, 2561, 3634, 86, 1204, 2033, 826, 3908, 1971, 1354},
    {1804, 3969, 2561, 0, 3129, 257, 1575, 1607, 234, 2721, 905, 1984},
    {3122, 1500, 3634, 3129, 0, 1420, 199, 3337, 304, 689, 1732, 3276},
    {2171, 3376, 86, 257, 1420, 0, 2272, 525, 1290, 320, 3489, 865},
    {2668, 3475, 1204, 1575, 199, 2272, 0, 237, 1261, 2474, 63, 704},
    {629, 1017, 2033, 1607, 3337, 525, 237, 0, 1229, 1718, 1150, 1510},
    {1306, 3203, 826, 234, 304, 1290, 1261, 1229, 0, 1027, 2690, 2749},
    {2229, 1660, 3908, 2721, 689, 320, 2474, 1718, 1027, 0, 213, 2917},
    {2722, 2727, 1971, 905, 1732, 3489, 63, 1150, 2690, 213, 0, 2585},
    {1269, 2419, 1354, 1984, 3276, 865, 704, 1510, 2749, 2917, 2585, 0}
};

#endif // CITIES_SIZE_12

#ifdef CITIES_SIZE_15
const unsigned int num_cities = 15;

const string city_names[num_cities] = {
    "1",
    "2",
    "3",
    "4",
    "5",
    "6",
    "7",
    "8",
    "9",
    "10",
    "11",
    "12",
    "13",
    "14",
    "15"
};

const unsigned int mileage_table[][num_cities] = {
    {0, 738, 689, 951, 645, 363, 131, 415, 562, 350, 713, 666, 684, 726, 31},
    {738, 0, 314, 720, 446, 530, 19, 570, 549, 830, 659, 107, 114, 839, 138},
    {689, 314, 0, 268, 726, 872, 174, 162, 973, 83, 81, 765, 822, 141, 602},
    {951, 720, 268, 0, 419, 324, 965, 534, 566, 175, 972, 952, 599, 722, 470},
    {645, 446, 726, 419, 0, 128, 369, 626, 260, 590, 627, 311, 816, 861, 679},
    {363, 530, 872, 324, 128, 0, 426, 733, 544, 418, 276, 396, 212, 623, 503},
    {131, 19, 174, 965, 369, 426, 0, 783, 566, 995, 401, 585, 552, 741, 297},
    {415, 570, 162, 534, 626, 733, 783, 0, 282, 503, 379, 961, 851, 945, 909},
    {562, 549, 973, 566, 260, 544, 566, 282, 0, 678, 715, 238, 691, 670, 894},
    {350, 830, 83, 175, 590, 418, 995, 503, 678, 0, 37, 231, 361, 283, 250},
    {713, 659, 81, 972, 627, 276, 401, 379, 715, 37, 0, 846, 65, 961, 758},
    {666, 107, 765, 952, 311, 396, 585, 961, 238, 231, 846, 0, 468, 498, 226},
    {684, 114, 822, 599, 816, 212, 552, 851, 691, 361, 65, 468, 0, 212, 996},
    {726, 839, 141, 722, 861, 623, 741, 945, 670, 283, 961, 498, 212, 0, 558},
    {31, 138, 602, 470, 679, 503, 297, 909, 894, 250, 758, 226, 996, 558, 0}
};
#endif // CITIES_SIZE_15

#ifdef CITIES_SIZE_20
const unsigned int num_cities = 20;

const string city_names[num_cities] = {
    "Jamestown",
    "Villa Nueva",
    "Bangla",
    "Klaksvík",
    "Port Mathurin",
    "Seria",
    "Kingshill",
    "Gibraltar",
    "Freetown",
    "Roi Et",
    "Yogyakarta",
    "Port-Gentil",
    "Mont-Dore",
    "Tortola",
    "Cuautepec de Hinojosa",
    "Grytviken",
    "Bluefields",
    "Camberene",
    "Yakutsk",
    "Al Yamamah"
};

const unsigned int mileage_table[][num_cities] = {
    {0, 364, 259, 1973, 1324, 1943, 58, 2764, 2678, 3327, 2913, 2873, 3767, 161, 2739, 1725, 3310, 3308, 339, 860},
    {364, 0, 2607, 3392, 1116, 1026, 2130, 1270, 151, 3220, 1433, 2669, 777, 1243, 1323, 2490, 9, 2509, 644, 3720},
    {259, 2607, 0, 2993, 2068, 861, 3732, 2948, 1665, 2582, 3363, 910, 41, 1925, 1659, 612, 1578, 345, 3993, 3904},
    {1973, 3392, 2993, 0, 1052, 2495, 2465, 1112, 1946, 3947, 2496, 184, 3687, 1634, 1880, 131, 651, 3413, 3021, 2479},
    {1324, 1116, 2068, 1052, 0, 844, 1227, 3000, 3130, 598, 1095, 1615, 3609, 2080, 1957, 1431, 2070, 2152, 451, 1518},
    {1943, 1026, 861, 2495, 844, 0, 2850, 1893, 1288, 2963, 2509, 1650, 644, 1433, 3163, 2892, 549, 3773, 3504, 1682},
    {58, 2130, 3732, 2465, 1227, 2850, 0, 2644, 412, 3030, 3639, 594, 1590, 1083, 2832, 3451, 1890, 2902, 3939, 1677},
    {2764, 1270, 2948, 1112, 3000, 1893, 2644, 0, 1253, 118, 3475, 838, 206, 270, 2500, 3374, 2948, 1564, 844, 146},
    {2678, 151, 1665, 1946, 3130, 1288, 412, 1253, 0, 397, 3874, 2401, 3177, 3123, 399, 2163, 3816, 199, 2042, 677},
    {3327, 3220, 2582, 3947, 598, 2963, 3030, 118, 397, 0, 3994, 1745, 458, 87, 2357, 2744, 2349, 2207, 863, 383},
    {2913, 1433, 3363, 2496, 1095, 2509, 3639, 3475, 3874, 3994, 0, 768, 1225, 2164, 3382, 873, 2976, 616, 2536, 3168},
    {2873, 2669, 910, 184, 1615, 1650, 594, 838, 2401, 1745, 768, 0, 702, 1193, 2009, 2416, 752, 2239, 2967, 1702},
    {3767, 777, 41, 3687, 3609, 644, 1590, 206, 3177, 458, 1225, 702, 0, 1695, 1834, 984, 3159, 2638, 3160, 665},
    {161, 1243, 1925, 1634, 2080, 1433, 1083, 270, 3123, 87, 2164, 1193, 1695, 0, 3285, 1366, 2747, 3875, 3775, 3102},
    {2739, 1323, 1659, 1880, 1957, 3163, 2832, 2500, 399, 2357, 3382, 2009, 1834, 3285, 0, 1741, 1302, 554, 457, 3208},
    {1725, 2490, 612, 131, 1431, 2892, 3451, 3374, 2163, 2744, 873, 2416, 984, 1366, 1741, 0, 3199, 2248, 3780, 344},
    {3310, 9, 1578, 651, 2070, 549, 1890, 2948, 3816, 2349, 2976, 752, 3159, 2747, 1302, 3199, 0, 1196, 559, 1190},
    {3308, 2509, 345, 3413, 2152, 3773, 2902, 1564, 199, 2207, 616, 2239, 2638, 3875, 554, 2248, 1196, 0, 2022, 905},
    {339, 644, 3993, 3021, 451, 3504, 3939, 844, 2042, 863, 2536, 2967, 3160, 3775, 457, 3780, 559, 2022, 0, 1510},
    {860, 3720, 3904, 2479, 1518, 1682, 1677, 146, 677, 383, 3168, 1702, 665, 3102, 3208, 344, 1190, 905, 1510, 0}
};
#endif // CITIES_SIZE_20

#ifdef CITIES_SIZE_30
const unsigned int num_cities = 30;                                                                                                                                                                                                                                                                                                                                                                                     const string city_names[num_cities] = {                                                                                                                                                                             "Alameda",                                                                                                                                                                                                  "Big Bear Lake",                                                                                                                                                                                            "Cupertino",                                                                                                                                                                                                "Elk Grove",                                                                                                                                                                                                "Highland",                                                                                                                                                                                                 "Los Gatos",                                                                                                                                                                                         "Montclair",                                                                                                                                                                                                "Oakdale",                                                                                                                                                                                                  "Novato",                                                                                                                                                                                                   "Oxnard",                                                                                                                                                                                                   "Portola Valley",                                                                                                                                                                                           "Rolling Hills",                                                                                                                                                                                            "Santa Clarita",                                                                                                                                                                                            "Santa Cruz",                                                                                                                                                                                               "Shasta Lake",                                                                                                                                                                                              "Signal Hill",                                                                                                                                                                                              "Upland",                                                                                                                                                                                                   "Ukiah",                                                                                                                                                                                                    "Williams",                                                                                                                                                                                                 "Yreka",                                                                                                                                                                                                    "Yucca Valley",                                                                                                                                                                                             "San Mateo",                                                                                                                                                                                                "Redlands",                                                                                                                                                                                                 "Redding",                                                                                                                                                                                                  "Oceanside",                                                                                                                                                                                                "Montague",                                                                                                                                                                                                 "Live Oak",                                                                                                                                                                                                 "La Mesa",                                                                                                                                                                                                  "Healdsburg",                                                                                                                                                                                               "Guadalupe"                                                                                                                                                                                         };

const unsigned int mileage_table[][num_cities] = {
    {0, 738, 689, 951, 645, 363, 131, 415, 562, 350, 713, 666, 684, 726, 31, 314, 720, 446, 530, 19, 570, 549, 830, 659, 107, 114, 839, 138, 268, 726},
    {738, 0, 872, 174, 162, 973, 83, 81, 765, 822, 141, 602, 419, 324, 965, 534, 566, 175, 972, 952, 599, 722, 470, 128, 369, 626, 260, 590, 627, 311},
    {689, 872, 0, 816, 861, 679, 426, 733, 544, 418, 276, 396, 212, 623, 503, 783, 566, 995, 401, 585, 552, 741, 297, 282, 503, 379, 961, 851, 945, 909},
    {951, 174, 816, 0, 678, 715, 238, 691, 670, 894, 37, 231, 361, 283, 250, 846, 65, 961, 758, 468, 498, 226, 212, 996, 558, 513, 405, 85, 28, 159},
    {645, 162, 861, 678, 0, 173, 54, 712, 112, 586, 903, 43, 586, 184, 356, 258, 602, 122, 807, 23, 764, 739, 203, 400, 179, 201, 283, 938, 197, 974},
    {363, 973, 679, 715, 173, 0, 495, 748, 790, 244, 769, 271, 203, 988, 969, 937, 264, 216, 404, 455, 674, 553, 900, 998, 350, 245, 293, 657, 504, 34},
    {131, 83, 426, 238, 54, 495, 0, 990, 236, 989, 675, 383, 95, 410, 170, 464, 807, 99, 693, 761, 115, 380, 791, 794, 493, 883, 535, 356, 163, 246},
    {415, 81, 733, 691, 712, 748, 990, 0, 217, 274, 77, 169, 953, 294, 273, 339, 893, 864, 313, 234, 366, 644, 947, 632, 557, 865, 145, 450, 217, 671},
    {562, 765, 544, 670, 112, 790, 236, 217, 0, 330, 176, 561, 554, 480, 965, 663, 89, 889, 882, 490, 290, 634, 626, 495, 228, 260, 25, 11, 758, 345},
    {350, 822, 418, 894, 586, 244, 989, 274, 330, 0, 954, 341, 448, 119, 584, 36, 745, 253, 361, 418, 2, 407, 106, 754, 312, 793, 282, 617, 30, 849},
    {713, 141, 276, 37, 903, 769, 675, 77, 176, 954, 0, 666, 393, 422, 58, 284, 56, 923, 508, 337, 113, 618, 426, 60, 459, 526, 694, 17, 742, 65},
    {666, 602, 396, 231, 43, 271, 383, 169, 561, 341, 666, 0, 996, 47, 281, 846, 114, 988, 936, 305, 662, 682, 505, 111, 354, 336, 526, 400, 918, 823},
    {684, 419, 212, 361, 586, 203, 95, 953, 554, 448, 393, 996, 0, 224, 964, 867, 494, 799, 189, 571, 158, 273, 465, 919, 715, 863, 11, 629, 389, 239},
    {726, 324, 623, 283, 184, 988, 410, 294, 480, 119, 422, 47, 224, 0, 21, 397, 158, 404, 538, 507, 149, 208, 325, 458, 757, 475, 627, 526, 824, 346},
    {31, 965, 503, 250, 356, 969, 170, 273, 965, 584, 58, 281, 964, 21, 0, 498, 467, 856, 819, 311, 41, 935, 190, 76, 197, 18, 745, 728, 225, 624},
    {314, 534, 783, 846, 258, 937, 464, 339, 663, 36, 284, 846, 867, 397, 498, 0, 780, 318, 244, 999, 771, 152, 788, 539, 148, 109, 447, 904, 369, 780},
    {720, 566, 566, 65, 602, 264, 807, 893, 89, 745, 56, 114, 494, 158, 467, 780, 0, 893, 269, 248, 35, 948, 650, 985, 372, 828, 478, 186, 830, 858},
    {446, 175, 995, 961, 122, 216, 99, 864, 889, 253, 923, 988, 799, 404, 856, 318, 893, 0, 323, 457, 312, 276, 2, 750, 534, 453, 788, 800, 70, 234},
    {530, 972, 401, 758, 807, 404, 693, 313, 882, 361, 508, 936, 189, 538, 819, 244, 269, 323, 0, 116, 411, 120, 463, 709, 80, 600, 93, 872, 617, 197},
    {19, 952, 585, 468, 23, 455, 761, 234, 490, 418, 337, 305, 571, 507, 311, 999, 248, 457, 116, 0, 968, 989, 692, 746, 418, 388, 470, 614, 688, 517},
    {570, 599, 552, 498, 764, 674, 115, 366, 290, 2, 113, 662, 158, 149, 41, 771, 35, 312, 411, 968, 0, 965, 27, 114, 723, 166, 159, 836, 825, 347},
    {549, 722, 741, 226, 739, 553, 380, 644, 634, 407, 618, 682, 273, 208, 935, 152, 948, 276, 120, 989, 965, 0, 579, 942, 219, 897, 529, 506, 934, 682},
    {830, 470, 297, 212, 203, 900, 791, 947, 626, 106, 426, 505, 465, 325, 190, 788, 650, 2, 463, 692, 27, 579, 0, 262, 187, 309, 757, 712, 300, 513},
    {659, 128, 282, 996, 400, 998, 794, 632, 495, 754, 60, 111, 919, 458, 76, 539, 985, 750, 709, 746, 114, 942, 262, 0, 178, 768, 86, 901, 517, 585},
    {107, 369, 503, 558, 179, 350, 493, 557, 228, 312, 459, 354, 715, 757, 197, 148, 372, 534, 80, 418, 723, 219, 187, 178, 0, 962, 694, 792, 533, 993},
    {114, 626, 379, 513, 201, 245, 883, 865, 260, 793, 526, 336, 863, 475, 18, 109, 828, 453, 600, 388, 166, 897, 309, 768, 962, 0, 775, 178, 978, 53},
    {839, 260, 961, 405, 283, 293, 535, 145, 25, 282, 694, 526, 11, 627, 745, 447, 478, 788, 93, 470, 159, 529, 757, 86, 694, 775, 0, 810, 463, 28},
    {138, 590, 851, 85, 938, 657, 356, 450, 11, 617, 17, 400, 629, 526, 728, 904, 186, 800, 872, 614, 836, 506, 712, 901, 792, 178, 810, 0, 449, 474},
    {268, 627, 945, 28, 197, 504, 163, 217, 758, 30, 742, 918, 389, 824, 225, 369, 830, 70, 617, 688, 825, 934, 300, 517, 533, 978, 463, 449, 0, 469},
    {726, 311, 909, 159, 974, 34, 246, 671, 345, 849, 65, 823, 239, 346, 624, 780, 858, 234, 197, 517, 347, 682, 513, 585, 993, 53, 28, 474, 469, 0}
};
#endif // CITIES_SIZE_30

#ifdef CITIES_SIZE_40
const unsigned int num_cities = 40;

const string city_names[num_cities] = {
    "Sispony",
    "Ribeirao",
    "Hagåtña",
    "Saint-Joseph",
    "Songam",
    "Tristan Da Cunha",
    "Hornsyld",
    "Over Back The Damp",
    "Kökshetaū",
    "Emmastad",
    "Pyongyang",
    "Georgetown",
    "Vientiane",
    "Pedernales",
    "Grytviken",
    "Shahrud",
    "Guadalupe",
    "Roseau",
    "Pyongyang",
    "Vlorë",
    "Manhay",
    "Addis Ababa",
    "Le Diamant",
    "Paita",
    "Dodoma",
    "Georgetown",
    "Sana'",
    "Old Harbour",
    "Botucatu",
    "Asmara",
    "",
    "Grootfontein",
    "Gordon Town",
    "Jaunolaine",
    "Tarfaya",
    "Mongar",
    "Cacheu",
    "Sedot Yam",
    "Baalbek",
    "Signabour"
};

const unsigned int mileage_table[][num_cities] = {
    {0, 3075, 2363, 1712, 3416, 840, 2667, 0, 3253, 2621, 2067, 114, 2565, 2187, 2538, 593, 3245, 2731, 760, 3487, 87, 1432, 509, 3271, 2563, 1330, 3771, 225, 3290, 965, 2757, 2865, 1245, 1509, 613, 3
        006, 3153, 3297, 2427, 1113},
    {3075, 0, 2858, 3230, 260, 2954, 601, 1561, 1636, 3025, 794, 2183, 2022, 2490, 1780, 776, 3719, 3147, 1649, 1669, 752, 3607, 1496, 186, 309, 465, 3656, 3883, 1403, 80, 2351, 328, 494, 129, 2248, 3
        395, 3001, 840, 2840, 458},
    {2363, 2858, 0, 1229, 3418, 856, 644, 3346, 1685, 1250, 913, 524, 2969, 249, 2676, 3044, 3298, 241, 1039, 2049, 2103, 3201, 1168, 3580, 940, 2403, 1866, 481, 952, 1541, 657, 1845, 2102, 3519, 1991
        , 1100, 3506, 2020, 103, 1981},
    {1712, 3230, 1229, 0, 2644, 2275, 2162, 3052, 1162, 2807, 57, 1161, 3570, 3510, 2549, 3581, 1025, 1337, 2582, 2243, 2020, 501, 2908, 3371, 1442, 3025, 3357, 2630, 2045, 2341, 3072, 991, 332, 1167,
        3916, 1285, 2830, 290, 1327, 1046},
    {3416, 260, 3418, 2644, 0, 1592, 3493, 492, 2534, 3626, 1407, 1897, 629, 3975, 1202, 1112, 1422, 2530, 2469, 684, 372, 2656, 693, 2968, 3846, 1621, 3905, 3629, 911, 758, 1060, 4000, 3440, 1280, 11
        95, 2246, 1118, 953, 669, 2703},
    {840, 2954, 856, 2275, 1592, 0, 1612, 196, 2596, 1241, 2044, 3820, 3727, 2647, 3460, 1883, 1434, 2833, 1673, 1576, 3836, 823, 2598, 923, 3519, 2124, 849, 1429, 1975, 1800, 2910, 441, 2445, 3270, 3
        585, 1528, 2729, 3198, 3433, 3586},
    {2667, 601, 644, 2162, 3493, 1612, 0, 3150, 2589, 2739, 1930, 1212, 2710, 1829, 2274, 90, 301, 3365, 2676, 1575, 2368, 652, 2160, 1419, 3615, 3142, 493, 184, 3311, 3693, 2775, 2021, 243, 190, 2867
        , 1709, 2956, 984, 877, 3541},
    {0, 1561, 3346, 3052, 492, 196, 3150, 0, 3617, 3788, 1435, 1681, 3386, 664, 1782, 610, 250, 2844, 2568, 1694, 2644, 3032, 3200, 505, 2058, 411, 1944, 1649, 3854, 1405, 1992, 1980, 3556, 797, 2664,
        502, 2605, 1179, 1196, 2100},
    {3253, 1636, 1685, 1162, 2534, 2596, 2589, 3617, 0, 678, 172, 3842, 3221, 1883, 3041, 620, 1182, 1984, 661, 2366, 2938, 2847, 1967, 939, 23, 3624, 3913, 3610, 3546, 3276, 1105, 1731, 2856, 2511, 3
        068, 1370, 2988, 1948, 3237, 1659},
    {2621, 3025, 1250, 2807, 3626, 1241, 2739, 3788, 678, 0, 3219, 1681, 3873, 1654, 210, 1539, 2820, 1549, 2734, 320, 996, 3662, 3839, 247, 3229, 14, 3005, 2804, 2394, 3274, 816, 3211, 3707, 2151, 31
        70, 2236, 2289, 1365, 3595, 2136},
    {2067, 794, 913, 57, 1407, 2044, 1930, 1435, 172, 3219, 0, 401, 558, 979, 1869, 31, 389, 2671, 2782, 3872, 213, 999, 1628, 3467, 1761, 47, 3837, 2713, 836, 2641, 690, 1430, 2939, 1170, 494, 1393,
        1707, 1922, 590, 2569},
    {114, 2183, 524, 1161, 1897, 3820, 1212, 1681, 3842, 1681, 401, 0, 3468, 3590, 1605, 2222, 3104, 1919, 3724, 1708, 3859, 3375, 2577, 1598, 3643, 131, 3652, 3863, 1805, 2901, 677, 3397, 1320, 3615,
        1709, 1952, 3825, 2319, 2244, 3694},
    {2565, 2022, 2969, 3570, 629, 3727, 2710, 3386, 3221, 3873, 558, 3468, 0, 1996, 1171, 3008, 3449, 1789, 444, 1897, 2870, 277, 3501, 1393, 605, 3389, 1802, 2168, 3565, 2481, 3474, 596, 1598, 3745,
        3886, 442, 3082, 2984, 3518, 3277},
    {2187, 2490, 249, 3510, 3975, 2647, 1829, 664, 1883, 1654, 979, 3590, 1996, 0, 1913, 253, 3712, 2742, 239, 79, 96, 1835, 3413, 1399, 753, 1280, 3416, 2865, 2276, 1012, 3983, 999, 1006, 2232, 1942,
        1909, 2818, 1298, 3706, 1166},
    {2538, 1780, 2676, 2549, 1202, 3460, 2274, 1782, 3041, 210, 1869, 1605, 1171, 1913, 0, 1983, 2533, 428, 2745, 675, 2539, 2488, 2428, 3944, 3884, 3414, 2882, 1711, 2842, 1881, 3996, 848, 10, 1847,
        582, 3790, 2412, 2513, 3856, 2901},
    {593, 776, 3044, 3581, 1112, 1883, 90, 610, 620, 1539, 31, 2222, 3008, 253, 1983, 0, 230, 3435, 3102, 2021, 805, 1541, 1838, 2454, 2493, 464, 1959, 3651, 2056, 3830, 1899, 3042, 2362, 2454, 3582,
        1439, 2021, 1178, 2159, 2510},
    {3245, 3719, 3298, 1025, 1422, 1434, 301, 250, 1182, 2820, 389, 3104, 3449, 3712, 2533, 230, 0, 1973, 3720, 2151, 2788, 3257, 2691, 937, 910, 2710, 3418, 1923, 2633, 16, 3740, 2586, 1927, 3828, 50
        1, 1557, 192, 1443, 3243, 3654},
    {2731, 3147, 241, 1337, 2530, 2833, 3365, 2844, 1984, 1549, 2671, 1919, 1789, 2742, 428, 3435, 1973, 0, 1911, 1409, 647, 937, 2196, 2783, 737, 3411, 3452, 368, 3877, 2801, 1661, 3441, 3963, 2745,
        84, 3315, 524, 197, 1349, 381},
    {760, 1649, 1039, 2582, 2469, 1673, 2676, 2568, 661, 2734, 2782, 3724, 444, 239, 2745, 3102, 3720, 1911, 0, 2887, 887, 2970, 158, 3502, 3118, 843, 1898, 1673, 758, 2119, 807, 335, 409, 208, 3368,
        3155, 3462, 3291, 2, 2559},
    {3487, 1669, 2049, 2243, 684, 1576, 1575, 1694, 2366, 320, 3872, 1708, 1897, 79, 675, 2021, 2151, 1409, 2887, 0, 1973, 1042, 334, 2158, 1459, 1950, 2210, 1246, 469, 2470, 645, 3871, 1590, 3477, 18
        82, 3133, 619, 3267, 3226, 2024},
    {87, 752, 2103, 2020, 372, 3836, 2368, 2644, 2938, 996, 213, 3859, 2870, 96, 2539, 805, 2788, 647, 887, 1973, 0, 3028, 485, 194, 1670, 700, 722, 1775, 3895, 3091, 3445, 1885, 3253, 3886, 3275, 195
        1, 2245, 3013, 2098, 3168},
    {1432, 3607, 3201, 501, 2656, 823, 652, 3032, 2847, 3662, 999, 3375, 277, 1835, 2488, 1541, 3257, 937, 2970, 1042, 3028, 0, 763, 3942, 1500, 2071, 2161, 2544, 2528, 2524, 1468, 3492, 2259, 3134, 8
        86, 743, 1199, 2301, 1626, 237},
    {509, 1496, 1168, 2908, 693, 2598, 2160, 3200, 1967, 3839, 1628, 2577, 3501, 3413, 2428, 1838, 2691, 2196, 158, 334, 485, 763, 0, 1097, 1386, 2088, 3152, 1764, 1493, 1763, 2456, 1797, 3386, 3206,
        3307, 406, 1819, 1705, 1150, 3169},
    {3271, 186, 3580, 3371, 2968, 923, 1419, 505, 939, 247, 3467, 1598, 1393, 1399, 3944, 2454, 937, 2783, 3502, 2158, 194, 3942, 1097, 0, 1689, 2617, 2992, 3251, 1074, 3347, 293, 2823, 494, 449, 2385
        , 2851, 3787, 492, 3087, 404},
    {2563, 309, 940, 1442, 3846, 3519, 3615, 2058, 23, 3229, 1761, 3643, 605, 753, 3884, 2493, 910, 737, 3118, 1459, 1670, 1500, 1386, 1689, 0, 3473, 1422, 3853, 2564, 1943, 3943, 135, 2653, 1516, 172
        6, 352, 3736, 148, 2566, 1060},
    {1330, 465, 2403, 3025, 1621, 2124, 3142, 411, 3624, 14, 47, 131, 3389, 1280, 3414, 464, 2710, 3411, 843, 1950, 700, 2071, 2088, 2617, 3473, 0, 1512, 3951, 907, 3239, 2549, 438, 1744, 3305, 502, 2
        74, 3624, 3704, 1482, 1550},
    {3771, 3656, 1866, 3357, 3905, 849, 493, 1944, 3913, 3005, 3837, 3652, 1802, 3416, 2882, 1959, 3418, 3452, 1898, 2210, 722, 2161, 3152, 2992, 1422, 1512, 0, 1782, 1125, 3968, 1832, 910, 1383, 2175
        , 919, 3754, 2895, 864, 736, 3916},
    {225, 3883, 481, 2630, 3629, 1429, 184, 1649, 3610, 2804, 2713, 3863, 2168, 2865, 1711, 3651, 1923, 368, 1673, 1246, 1775, 2544, 1764, 3251, 3853, 3951, 1782, 0, 3963, 357, 286, 2567, 3598, 2343,
        1253, 1140, 3866, 2821, 2734, 675},
    {3290, 1403, 952, 2045, 911, 1975, 3311, 3854, 3546, 2394, 836, 1805, 3565, 2276, 2842, 2056, 2633, 3877, 758, 469, 3895, 2528, 1493, 1074, 2564, 907, 1125, 3963, 0, 2257, 2005, 2775, 1369, 1812,
        1060, 3447, 3797, 3191, 2357, 3513},
    {965, 80, 1541, 2341, 758, 1800, 3693, 1405, 3276, 3274, 2641, 2901, 2481, 1012, 1881, 3830, 16, 2801, 2119, 2470, 3091, 2524, 1763, 3347, 1943, 3239, 3968, 357, 2257, 0, 1235, 2867, 1260, 1534, 1
        975, 2956, 3385, 1041, 2991, 3862},
    {2757, 2351, 657, 3072, 1060, 2910, 2775, 1992, 1105, 816, 690, 677, 3474, 3983, 3996, 1899, 3740, 1661, 807, 645, 3445, 1468, 2456, 293, 3943, 2549, 1832, 286, 2005, 1235, 0, 1180, 2823, 742, 325
        1, 3138, 2311, 2940, 3164, 3570},
    {2865, 328, 1845, 991, 4000, 441, 2021, 1980, 1731, 3211, 1430, 3397, 596, 999, 848, 3042, 2586, 3441, 335, 3871, 1885, 3492, 1797, 2823, 135, 438, 910, 2567, 2775, 2867, 1180, 0, 2481, 215, 2714,
        180, 1581, 461, 450, 1818},
    {1245, 494, 2102, 332, 3440, 2445, 243, 3556, 2856, 3707, 2939, 1320, 1598, 1006, 10, 2362, 1927, 3963, 409, 1590, 3253, 2259, 3386, 494, 2653, 1744, 1383, 3598, 1369, 1260, 2823, 2481, 0, 1545, 1
        864, 2408, 1482, 728, 783, 3963},
    {1509, 129, 3519, 1167, 1280, 3270, 190, 797, 2511, 2151, 1170, 3615, 3745, 2232, 1847, 2454, 3828, 2745, 208, 3477, 3886, 3134, 3206, 449, 1516, 3305, 2175, 2343, 1812, 1534, 742, 215, 1545, 0, 3
        676, 905, 20, 32, 1729, 3060},
    {613, 2248, 1991, 3916, 1195, 3585, 2867, 2664, 3068, 3170, 494, 1709, 3886, 1942, 582, 3582, 501, 84, 3368, 1882, 3275, 886, 3307, 2385, 1726, 502, 919, 1253, 1060, 1975, 3251, 2714, 1864, 3676,
        0, 3895, 1593, 3527, 2280, 1959},
    {3006, 3395, 1100, 1285, 2246, 1528, 1709, 502, 1370, 2236, 1393, 1952, 442, 1909, 3790, 1439, 1557, 3315, 3155, 3133, 1951, 743, 406, 2851, 352, 274, 3754, 1140, 3447, 2956, 3138, 180, 2408, 905,
        3895, 0, 2302, 1076, 1742, 3408},
    {3153, 3001, 3506, 2830, 1118, 2729, 2956, 2605, 2988, 2289, 1707, 3825, 3082, 2818, 2412, 2021, 192, 524, 3462, 619, 2245, 1199, 1819, 3787, 3736, 3624, 2895, 3866, 3797, 3385, 2311, 1581, 1482,
        20, 1593, 2302, 0, 2477, 3965, 3559},
    {3297, 840, 2020, 290, 953, 3198, 984, 1179, 1948, 1365, 1922, 2319, 2984, 1298, 2513, 1178, 1443, 197, 3291, 3267, 3013, 2301, 1705, 492, 148, 3704, 864, 2821, 3191, 1041, 2940, 461, 728, 32, 352
        7, 1076, 2477, 0, 3163, 2735},
    {2427, 2840, 103, 1327, 669, 3433, 877, 1196, 3237, 3595, 590, 2244, 3518, 3706, 3856, 2159, 3243, 1349, 2, 3226, 2098, 1626, 1150, 3087, 2566, 1482, 736, 2734, 2357, 2991, 3164, 450, 783, 1729, 2
        280, 1742, 3965, 3163, 0, 856},
    {1113, 458, 1981, 1046, 2703, 3586, 3541, 2100, 1659, 2136, 2569, 3694, 3277, 1166, 2901, 2510, 3654, 381, 2559, 2024, 3168, 237, 3169, 404, 1060, 1550, 3916, 675, 3513, 3862, 3570, 1818, 3963, 30
        60, 1959, 3408, 3559, 2735, 856, 0}
};

#endif // CITIES_SIZE_40

#ifdef CITIES_SIZE_50
const unsigned int num_cities = 50;

const string city_names[num_cities] = {
    "David",
    "Gargellen",
    "Juba",
    "Pago Pago",
    "Funafuti",
    "Maniitsoq",
    "Bangui",
    "Hougang",
    "Port Vila",
    "Addis Ababa",
    "Bang",
    "Oued Zem",
    "Wote",
    "Serravalle",
    "Banjul",
    "Misratah",
    "Wickham Market",
    "Shetou",
    "Magdacesti",
    "Punta del Este",
    "Biancade",
    "Made",
    "Macao",
    "",
    "Moroni",
    "Tarapoa",
    "Monte Carlo",
    "Flying Fish Cove",
    "Kinshasa",
    "Marsh Harbour",
    "Over Back The Damp",
    "Home",
    "Keetmanshoop",
    "Thimphu",
    "George Hill",
    "Antarctica",
    "Laxia",
    "La Libertad",
    "Prizren",
    "Cecerleg",
    "`Ara",
    "Funafuti",
    "Malabo",
    "Cheviot",
    "Saint-Gilles-les Bains",
    "Piedmont",
    "Mata-Utu",
    "Paphos",
    "Ar Rayyan",
    "Lilongwe"
};

const unsigned int mileage_table[][num_cities] = {
    {0, 732, 3486, 101, 2239, 1391, 3073, 244, 3819, 833, 1308, 3080, 3354, 3535, 3298, 3531, 462, 3503, 962, 177, 952, 1639, 2620, 3301, 2397, 850, 2042, 311, 3096, 3101, 3524, 1627, 3431, 3180, 1137, 2773, 3303, 917, 186, 2465, 1777, 2955, 1099, 1458, 2974, 2945, 3651, 15, 3198, 253},
    {732, 0, 3791, 1366, 2320, 1548, 3914, 1798, 791, 971, 2898, 3017, 2957, 1520, 2208, 2091, 272, 1878, 1273, 28, 458, 70, 3103, 3099, 105, 2893, 1166, 2507, 3508, 2659, 3659, 2028, 1402, 1622, 3107, 970, 2632, 1444, 1489, 3034, 3029, 2708, 974, 2832, 536, 987, 1361, 132, 109, 1810},
    {3486, 3791, 0, 934, 2112, 232, 384, 849, 3443, 2590, 3829, 2155, 2851, 3819, 3041, 3391, 883, 482, 1321, 3982, 1096, 2258, 3399, 1450, 675, 2177, 1237, 607, 3207, 88, 1526, 2160, 1749, 1652, 3929, 1777, 3181, 3250, 1512, 1023, 1821, 1566, 594, 3146, 2655, 469, 2863, 1850, 2075, 329},
    {101, 1366, 934, 0, 3646, 293, 1233, 2183, 3442, 1953, 3922, 3543, 1925, 405, 2474, 1690, 1105, 1954, 2059, 344, 1736, 2011, 3650, 1342, 2769, 2222, 2774, 142, 162, 3841, 1009, 3904, 2643, 2265, 1033, 285, 439, 1938, 3328, 3253, 3452, 1900, 1060, 115, 2542, 1163, 2355, 1403, 2636, 2241},
    {2239, 2320, 2112, 3646, 0, 3364, 2209, 3152, 3289, 602, 250, 2005, 2226, 1007, 1062, 1700, 3716, 1034, 1794, 3579, 3538, 3298, 2052, 1296, 1851, 3386, 615, 988, 2391, 483, 1356, 913, 1112, 784, 49, 734, 3259, 875, 486, 3111, 2166, 2471, 3714, 1463, 2042, 3828, 2581, 3613, 3594, 2043},
    {1391, 1548, 232, 293, 3364, 0, 25, 2302, 3046, 3709, 2544, 75, 2850, 1394, 3372, 249, 2799, 2922, 1838, 2668, 3056, 960, 2958, 2406, 1078, 3691, 3021, 2085, 219, 599, 3618, 1273, 889, 172, 276, 1923, 2968, 1862, 434, 500, 3785, 425, 1828, 1755, 3599, 1355, 1889, 12, 1452, 2680},
    {3073, 3914, 384, 1233, 2209, 25, 0, 517, 2838, 3938, 1670, 3696, 2555, 374, 1848, 2990, 1502, 926, 1488, 3093, 1980, 2180, 261, 3477, 761, 3320, 735, 3495, 2270, 2677, 2192, 1841, 3430, 3721, 3287, 3763, 629, 3563, 508, 2214, 51, 2034, 590, 3522, 3662, 3160, 2730, 2324, 2712, 3320},
    {244, 1798, 849, 2183, 3152, 2302, 517, 0, 3982, 1664, 457, 2027, 1560, 1218, 1107, 3646, 1721, 3443, 3380, 886, 2388, 1526, 3821, 1899, 434, 1261, 3076, 2385, 3026, 3041, 2140, 2874, 925, 2460, 2615, 2317, 3815, 3984, 2596, 2201, 459, 2338, 548, 1495, 3708, 1007, 2966, 3879, 523, 279},
    {3819, 791, 3443, 3442, 3289, 3046, 2838, 3982, 0, 960, 2281, 2541, 3644, 2893, 2817, 939, 721, 1112, 2018, 2727, 567, 2595, 3318, 3788, 322, 3778, 943, 1397, 1587, 1821, 1541, 256, 2450, 1278, 103, 2321, 1646, 3443, 2340, 3386, 2617, 860, 2320, 1599, 290, 330, 1186, 1754, 931, 3993},
    {833, 971, 2590, 1953, 602, 3709, 3938, 1664, 960, 0, 3414, 2076, 2513, 1608, 3842, 3997, 3057, 1964, 3367, 310, 2371, 3034, 3833, 3524, 73, 2790, 1616, 436, 314, 3249, 3233, 1806, 3723, 2245, 1373, 2341, 471, 1060, 2043, 1925, 2689, 3289, 3443, 3174, 1793, 3918, 495, 3447, 2245, 1478},
    {1308, 2898, 3829, 3922, 250, 2544, 1670, 457, 2281, 3414, 0, 831, 3851, 3729, 2634, 2267, 2104, 452, 3070, 2995, 1758, 150, 1983, 3365, 625, 2024, 2014, 2112, 2946, 1620, 3118, 2269, 1553, 469, 872, 3375, 3407, 3136, 1185, 2182, 286, 3537, 3430, 3454, 802, 2637, 3361, 3852, 3855, 1248},
    {3080, 3017, 2155, 3543, 2005, 75, 3696, 2027, 2541, 2076, 831, 0, 2204, 1531, 2291, 2166, 569, 734, 1452, 1294, 2456, 3993, 2080, 3362, 3676, 1209, 1931, 3295, 2396, 1138, 1986, 3491, 269, 2407, 2720, 2090, 425, 2664, 216, 610, 2795, 2903, 1200, 201, 820, 1262, 3827, 1162, 128, 1887},
    {3354, 2957, 2851, 1925, 2226, 2850, 2555, 1560, 3644, 2513, 3851, 2204, 0, 3884, 3956, 1687, 3898, 2101, 2622, 1543, 1477, 1215, 3935, 2664, 2021, 1713, 3310, 1524, 1128, 2545, 643, 1982, 2398, 1587, 1628, 3438, 2045, 2942, 3809, 3042, 1501, 1992, 2296, 2114, 3744, 1906, 2719, 3355, 2201, 2161},
    {3535, 1520, 3819, 405, 1007, 1394, 374, 1218, 2893, 1608, 3729, 1531, 3884, 0, 3696, 922, 2731, 1496, 767, 1354, 1496, 3182, 1113, 1771, 261, 3084, 2162, 3374, 66, 66, 3519, 126, 1932, 1760, 2438, 869, 438, 342, 1862, 2383, 392, 765, 2300, 3198, 236, 66, 1325, 3900, 3642, 54},
    {3298, 2208, 3041, 2474, 1062, 3372, 1848, 1107, 2817, 3842, 2634, 2291, 3956, 3696, 0, 2754, 3490, 1898, 2218, 2413, 1688, 1859, 1696, 1953, 3811, 2177, 2862, 3281, 2417, 3315, 1175, 3227, 2160, 379, 2597, 3877, 1010, 2692, 1040, 1971, 1938, 3487, 1992, 1735, 1184, 3196, 804, 870, 1173, 2942},
    {3531, 2091, 3391, 1690, 1700, 249, 2990, 3646, 939, 3997, 2267, 2166, 1687, 922, 2754, 0, 2826, 2767, 1263, 1464, 1616, 1921, 2720, 3917, 1053, 53, 552, 1438, 1091, 3038, 2758, 2682, 2244, 3152, 1529, 1289, 1447, 2466, 3491, 1057, 150, 1787, 1959, 1704, 95, 1269, 2115, 1206, 626, 1508},
    {462, 272, 883, 1105, 3716, 2799, 1502, 1721, 721, 3057, 2104, 569, 3898, 2731, 3490, 2826, 0, 2682, 598, 2750, 734, 3819, 499, 1404, 1915, 536, 3626, 1311, 2980, 385, 114, 1614, 3078, 1894, 965, 3483, 2631, 847, 669, 335, 928, 1699, 3506, 2080, 717, 1955, 3785, 1571, 596, 48},
    {3503, 1878, 482, 1954, 1034, 2922, 926, 3443, 1112, 1964, 452, 734, 2101, 1496, 1898, 2767, 2682, 0, 3201, 864, 929, 2672, 3565, 2247, 3442, 395, 1393, 2805, 711, 483, 598, 2405, 988, 2140, 1466, 3234, 3250, 1152, 1906, 978, 1516, 2288, 3963, 1587, 3930, 3217, 384, 663, 494, 3665},
    {962, 1273, 1321, 2059, 1794, 1838, 1488, 3380, 2018, 3367, 3070, 1452, 2622, 767, 2218, 1263, 598, 3201, 0, 1984, 1171, 2265, 987, 2208, 3626, 3278, 3970, 3891, 2189, 2222, 2152, 1898, 1384, 2161, 3468, 130, 546, 536, 3513, 3044, 1483, 2278, 3286, 1044, 3007, 1579, 2107, 390, 634, 2087},
    {177, 28, 3982, 344, 3579, 2668, 3093, 886, 2727, 310, 2995, 1294, 1543, 1354, 2413, 1464, 2750, 864, 1984, 0, 1569, 1923, 3511, 299, 908, 1920, 2726, 1215, 1195, 823, 3255, 2068, 3443, 3015, 621, 146, 1547, 905, 3426, 2880, 73, 3168, 381, 895, 1125, 3817, 2870, 1745, 1538, 277},
    {952, 458, 1096, 1736, 3538, 3056, 1980, 2388, 567, 2371, 1758, 2456, 1477, 1496, 1688, 1616, 734, 929, 1171, 1569, 0, 1457, 1082, 1036, 2509, 1585, 2817, 3470, 1868, 372, 3834, 2020, 3443, 2348, 1865, 294, 3129, 2288, 3576, 2796, 3238, 3558, 848, 1196, 1268, 3837, 1381, 1543, 1688, 3107},
    {1639, 70, 2258, 2011, 3298, 960, 2180, 1526, 2595, 3034, 150, 3993, 1215, 3182, 1859, 1921, 3819, 2672, 2265, 1923, 1457, 0, 3584, 3369, 3421, 3084, 351, 972, 62, 296, 1854, 3526, 3940, 2581, 1134, 3206, 3602, 1149, 2604, 3053, 3312, 2617, 1311, 3631, 2933, 3188, 3842, 1091, 438, 40},
    {2620, 3103, 3399, 3650, 2052, 2958, 261, 3821, 3318, 3833, 1983, 2080, 3935, 1113, 1696, 2720, 499, 3565, 987, 3511, 1082, 3584, 0, 603, 899, 470, 3103, 1634, 1900, 1862, 3386, 2119, 3213, 982, 3297, 1822, 892, 368, 2692, 303, 2750, 2604, 3500, 3746, 116, 288, 785, 1299, 1070, 2587},
    {3301, 3099, 1450, 1342, 1296, 2406, 3477, 1899, 3788, 3524, 3365, 3362, 2664, 1771, 1953, 3917, 1404, 2247, 2208, 299, 1036, 3369, 603, 0, 3392, 918, 1316, 1958, 92, 2508, 120, 2861, 1978, 2533, 995, 3099, 3614, 2141, 697, 1002, 3787, 3687, 3851, 997, 1665, 998, 1314, 60, 3211, 1266},
    {2397, 105, 675, 2769, 1851, 1078, 761, 434, 322, 73, 625, 3676, 2021, 261, 3811, 1053, 1915, 3442, 3626, 908, 2509, 3421, 899, 3392, 0, 3680, 1677, 2864, 1522, 3824, 3336, 3931, 2300, 2301, 67, 1429, 1757, 1965, 2147, 2833, 6, 3119, 2838, 385, 729, 3523, 151, 3204, 100, 2643},
    {850, 2893, 2177, 2222, 3386, 3691, 3320, 1261, 3778, 2790, 2024, 1209, 1713, 3084, 2177, 53, 536, 395, 3278, 1920, 1585, 3084, 470, 918, 3680, 0, 1858, 1983, 2254, 3249, 803, 521, 3742, 3070, 3912, 3370, 3695, 251, 712, 3106, 3697, 886, 1458, 2636, 3189, 102, 2403, 3670, 3268, 1267},
    {2042, 1166, 1237, 2774, 615, 3021, 735, 3076, 943, 1616, 2014, 1931, 3310, 2162, 2862, 552, 3626, 1393, 3970, 2726, 2817, 351, 3103, 1316, 1677, 1858, 0, 3685, 1314, 1464, 1920, 3728, 2299, 1247, 2338, 3739, 3544, 276, 3142, 2994, 1971, 531, 1486, 1160, 1287, 443, 2068, 2466, 2184, 1534},
    {311, 2507, 607, 142, 988, 2085, 3495, 2385, 1397, 436, 2112, 3295, 1524, 3374, 3281, 1438, 1311, 2805, 3891, 1215, 3470, 972, 1634, 1958, 2864, 1983, 3685, 0, 2425, 2230, 3581, 840, 2627, 2318, 3422, 2319, 1027, 2637, 2866, 1297, 2711, 3226, 3531, 710, 2294, 3836, 1216, 379, 1863, 2393},
